NA
45.7
3.9
-18.7
-18.35
4.65
-39
23.55
25.95
-7.7
22.65
-49.2
-3.95
-127.55
-58.15
-28.1
-154.8
14.15
14.8
17.65
-69.6
101.75
-86.5
-126.7
38.6
3.15
32.25
-35.45
69.65
-24.9
53.8
58.25
-26.25
-42.85
11.5
13.65
-11.45
1.15
62.55
94.7
71.1
-7.85
8.45
35.3
-22.5
14.75
17.15
3.6
-8.1
69.2
33.8
14
16.9
-57.6
20.1
35.1
21.6
20.85
-40.4
-13.35
41.4
77.9
-2.4
8.65
-70.2
57.3
-22.05
-16.75
-49.35
-11
-58.95
26.45
14.8
24.45
34.75
18.35
-14.1
-92.9
38.7
23.85
-55.25
-74.25
-23.6
-34.05
-72.8
175.55
-57.45
20.5
22.25
-85.4
-33.6
6.3
-146.55
27.95
-16.45
12.8
-137.2
110.65
85.7
63.45
19.75
-116.1
49.65
90.65
25
-101.5
-46.9
13.2
78.3
40.75
78.35
24.65
11
41.5
-12.25
90.7
-36.75
6.6
-2.55
-51.55
64.45
-77.35
56.35
-61.1
-14.3
-1.2
53.15
-47.95
55.75
55.6
30.55
17.65
-14.5
-7.4
15.15
-7.45
-18.45
31.35
42.6
7.15
-30.5
12
-33.05
11.35
-41.3
64.05
7.9
28.3
-20.75
-7.85
46.9
-25.45
-40.1
-4.15
35.65
-33.8
-4.15
65
61.05
-9.55
12.85
-38.4
-42.75
15.55
-69.2
6.75
-13.05
69.45
14.3
-6.75
97.55
27.05
3.85
32.2
119.95
35.55
65.4
-32.25
56.25
95.5
28.6
-18.05
-31.45
58.75
17.35
-6.15
-38.2
38.65
113.45
16.05
-13.65
40.65
-66.15
-16.85
32.4
-44.95
143
-56.55
-114.7
13.3
-48.65
-45.2
119.4
-35.45
39.75
-23.8
-69.35
-24.95
30
99.85
1.45
41.5
121.3
30.65
-39.25
28.35
-25.85
-81.45
-122.6
49.95
-132.9
10.1
-108.5
119.7
-75.25
-69
-66
-47.8
78.05
32.7
98.2
50.8
-18.9
-0.55
-15.7
-72.85
-137.2
90.85
50.3
36.45
-51.8
56.45
-1.7
53.6
-16.25
-4.4
31.6
-13.5
-2.1
64.35
41.5
32.65
23.1
-11.25
-66.55
-31.55
-143.65
-141.75
-8.75
109.15
-111.35
-97.35
0.2
69.3
-33
20.55
-15.1
46.75
-55.85
-83.1
-92.15
-6.25
-88.7
14.8
94.75
-131
0.25
-83.45
-59
-27.75
84.2
146
25
0.7
64.75
-87.5
59.65
-49.4
-31.85
-174.65
40.85
29.7
189.05
13.9
2.55
-75.6
57.65
10.2
-36.6
-48.95
86.05
-81.85
61.5
-64.5
-72.95
-8.95
49.1
66.4
42.15
131.85
33
49.1
51.3
46.1
-7.7
82.4
1.6
-18.3
-6.05
-43.7
-56.3
125.8
-86.95
-95.45
11.65
110.9
33.05
-10.2
-6.1
-34.5
-48.45
-35.95
-48.2
-136.05
-28.1
-77.3
91.6
-0.35
-9.85
23.8
-78.9
58.6
-45.75
-60.05
-18.35
7.5
58.25
-99.8
8.3
-45.9
63.4
63.75
-3
87.05
31.85
-41.65
-33.6
15.3
24.1
-29.3
-5.8
-35.25
-3
17.7
-53
-50.75
-30.35
-108.5
17.95
2.45
41.7
151.25
55.35
18.7
55.15
46.95
-20.2
23.3
-18.4
-6.65
103.5
-68.3
-44.55
-89.95
59.3
14.35
-18.7
-14.05
46.5
-46.5
-25.45
92.35
46.35
-105.45
-28.05
-59.05
-5.75
34.8
-60.25
-51.75
-73
-120.55
-92.75
-45.65
88.15
-22.7
-65.35
-37.15
20.8
-112.45
-98.5
53.15
50.1
-60
-49.3
-91.8
171.8
81.4
39
-22.8
47.1
60.35
28.6
-93.8
-112.65
-5.85
71.6
63.15
8.55
-52.3
108.25
-6.95
-209.6
-55.9
-32.35
135.85
-25.35
69.55
-72.2
-93.75
-77.35
-20.85
136.75
91.55
-5.25
125.05
-21.55
54.45
-14.05
-80.75
101.65
-47.25
-41.95
48.4
93.25
10.2
158.9
-34.1
-68.65
0.5
7.3
18.45
5.15
-68.3
-52.2
-20.5
-79.85
-38.05
-95.7
-28.95
-127.45
34
-105.9
50
-46.4
141.25
-46.2
26.95
104.8
113.3
-11
23.45
-118.95
-76.95
-102.1
36
-37.35
-16.9
-94.75
-38.5
-68.9
148.95
40.7
-19.85
65
-28.5
-44.7
-59.55
-21.95
12.45
128.55
-15.65
0.3
4.15
-7.2
-4.1
106.75
11.4
-29.7
34.75
7.9
93.4
-11.5
62.6
30.2
-2.35
81.1
30.95
46.4
-117.4
111.95
36.45
34.2
55.95
35.8
-26.5
33
44.2
-30.75
8.6
25.85
115.9
-10
42.35
42.85
-101.8
-22.05
-54
-148.1
94.3
9.7
-45.45
19.6
0.05
-79.05
-57.95
-1.95
113.1
26
69.95
34.4
-83.4
-62.6
-60.85
17.8
90.1
-136.5
49.75
-93.95
58.9
-48.4
-15.9
116.7
22.35
40.6
-35.6
-88.5
9.2
-16.75
50
-69.4
18.75
63.5
10.3
32.4
-41.55
-90.25
22.05
-20.65
-13
1.6
18.4
39.15
-9
-50.75
-101.55
27.3
-114.2
-25.15
-9.1
-36.8
-21.1
35
-84.55
11.95
21.25
14.6
-45.55
-24.85
85.75
-1
65.25
4.45
-39.35
-26.5
-82.65
6.55
15.15
133.8
52.55
18.7
-14.25
61.8
5.55
-66.7
84.3
-74.8
39.6
16.7
44.45
-18.95
-31.4
6.15
21.1
7.25
129.75
-0.3
9.35
14.6
24.75
-10.35
-41.8
70.2
-39.05
-71.05
-8
-30
-4.4
23.45
26.4
-37.6
-87.15
10.25
-18.6
-66.6
56.85
99.95
29.2
11.5
-12.75
-12.05
66.85
54.15
1.3
-15.05
-2.55
27.5
32.45
-17.4
3.35
54.7
-8.15
2.5
-28.65
-36.45
-15.65
-46.8
27.25
-56.55
-4.75
20.25
-48.3
12.7
103.7
16.6
4.75
26.55
41
4.35
142.3
32.35
-9.95
-45.8
136.9
-21.55
4.3
-10.45
-13.95
53.8
15.5
12.45
56.35
-40.65
-70.95
28.6
-52.45
55.9
-32
11.2
-39.25
12.25
58.45
-34.45
32.9
-25.75
13.9
-41
1.3
-67.7
21.8
25.35
52.65
6.5
20.2
35.7
-21.35
-52.5
-2.55
-16.75
-35.95
-56.95
-2.65
0.15
43.25
12.95
-1.15
9.3
91.55
97.55
54.85
-8.9
18.3
11.25
30.4
-23.5
1.5
-10.1
-10.8
-36.5
28.1
-21.7
38.9
32.8
-13.2
-68.7
8.05
49.85
-35.5
38.25
-3.25
45.75
42.4
16.25
6.65
-27.75
13.3
-30.2
-2.85
-17.35
72.75
32.55
-54.75
37.35
25.2
17.9
-33.8
5.8
-34.95
55.3
0.15
-24.9
5.85
-21
-35.85
-11.65
-30.35
2.3
-20.4
-35.3
-5.65
24.65
10.45
-36
-9.55
10.8
41.5
3.35
-90.8
-1.95
4.45
-93.4
35.55
-103.85
26.65
-21.2
85.75
34.35
44.7
82.4
-3.35
-28.25
-62.9
57.75
-36.35
-37.35
-89.3
-51.55
-35.65
-7.4
-17.5
7.75
40.95
21.85
43.7
-75.2
-98.15
-21.5
-10.3
-47.85
63.6
35.3
-65.45
39.85
120.55
-0.25
94.4
51.3
2.5
79.4
-44.85
32.65
26.1
69.15
-55.35
27.05
72.5
25.75
-19.15
44.6
12.5
-126.8
14.95
151.35
23.15
17.4
-30.4
-42.8
-19.6
-127.45
16.5
99.6
28.1
-6.95
19.75
-138.1
-46.65
-19.85
4.4
-2.45
-40.4
-3
-89.2
-28.6
-61.1
109.3
41.65
-36.45
8.65
-166.35
11.75
-77.4
18.85
-20.4
93.65
159.85
56.65
-41.3
-86.65
66.05
30.95
-56.35
47.45
-42.3
118.4
73.9
21.8
-75.55
18.05
64.75
-8.85
2.6
46
-87.3
-83
-21.3
-54.55
-76.6
-13.05
-14.15
-49.95
7.5
-143.15
-23.15
46.55
46.75
86.9
43
-234.45
-93.1
-13.3
-98.9
105.9
63.3
4.75
-189.05
-2.45
124.05
62.75
78.95
-209.3
106.65
144.85
87.45
216.35
16.4
-62.45
-0.1
-10.05
9.65
49.25
216.1
-103.45
-122.35
2.7
-18.6
8.4
-49.05
-97.9
44.75
129.65
-2.4
-1.15
22.25
79.05
13.5
75.25
16.5
-23.65
-43.2
143.5
15.6
-2.15
-24.45
-14
-19.45
-43.8
119.8
30.8
47.45
8.05
10.15
-64.2
-38
-27.9
-46.5
-61.95
-60.75
-28.45
66.55
132.85
14.35
-80.45
-123.85
-3.6
119.9
-56.25
-2
34.75
84.25
41.75
-16
-40.9
80.15
18.8
104
-31.05
-24.95
-70.85
-68.65
-13.7
-15.65
78.1
-50.5
107.6
10.25
-16.1
10.5
34.9
-22.7
12.9
-2.35
-80.5
-10
-19.7
-29.2
12.35
-6.25
3.1
101.3
-30.9
79.05
-2
-57.25
42.3
9.85
25.15
6.7
-78.9
-130.9
-9.6
-6
-46.55
15.8
-87.7
-0.9
21.5
13.9
26.9
-9.75
9.25
21.3
-82.9
47.25
24.95
53.8
25.65
-61.3
64
30.65
13.95
38.75
38.15
-55.5
76.5
30.7
72.5
125.5
10.6
-25.35
5
-23.8
11.1
12.45
7.4
-40.95
10.1
1.7
88.6
6.25
11.65
40.35
54.15
8.3
16.85
31.5
-16.45
-41.75
0.7
101.15
0.2
-20.1
-43.2
-57.8
104.1
38.25
-2.3
25.45
-58.05
-21.5
-46
-18.85
-1.6
4.55
15.95
-62.75
7.3
198.95
155.45
94.5
0
14.4
79.85
60.55
11.95
-22.6
23.5
90.7
-8.05
-41.05
11.65
-94
-5.7
132.55
53.35
-13.6
71.85
109.3
71.2
1.8
-29.55
23.05
-107.8
-8.55
98.15
-73.5
-17.5
-29.25
-18.1
86.85
-10.95
-76.05
15.6
102.55
23.35
90.45
-10.35
36.8
35.55
-163.95
-38.2
-17.25
-108.15
-5.45
72.5
97.75
16.05
23.45
20.3
83.65
27.9
34.85
-40.15
